0 18 150.7204 1.0017
1 18 150.7204 1.0035
2 18 150.7204 1.0051
3 18 150.7204 1.0065
4 18 150.7204 1.0071
5 18 150.7204 1.007
6 18 150.7204 1.0065
7 18 150.7204 1.0058
8 18 150.7204 1.0051
9 18 150.7204 1.0042
10 18 150.7204 1.0034
11 52 88.0714 1.001
12 52 541.6144 0.9987
13 18 -75.295 0.9979
14 24 206.6469 0.997
15 24 166.3306 0.996
16 36 729.075 0.9946
17 36 840.3689 0.9933
18 17 -18.4378 0.9927
19 24 382.7726 0.9919
20 19 -16.1401 0.9913
21 25 317.2417 0.9905
22 52 937.2983 0.989
23 39 328.8393 0.988
24 16 7.264 0.9877
25 17 57.4724 0.9874
26 18 195.8167 0.9871
27 20 189.7615 0.9867
28 21 204.522 0.9864
29 27 559.3767 0.986
30 24 324.6278 0.9857
31 18 110.7887 0.9855
32 43 890.4359 0.9851
33 37 764.9898 0.985
34 42 1696.1163 0.9851
35 47 1404.7084 0.9854
36 38 711.9305 0.986
37 14 -149.9844 0.9862
38 14 -21.0687 0.9865
39 15 -28.4204 0.9868
40 18 103.9625 0.9872
41 17 100.053 0.9876
42 36 577.45 0.9885
43 15 30.7033 0.989
44 41 1196.9858 0.9902
45 28 639.8179 0.9911
46 15 -6.4137 0.9915
47 24 215.1478 0.9923
48 54 1951.0693 0.9943
49 38 1195.7571 0.9959
50 42 1222.574 0.9978
51 16 18.9764 0.9986
52 45 2003.1595 1.0009
53 66 3508.4717 1.0046
54 52 1766.3573 1.0078
55 46 1997.171 1.0108
56 44 1387.1816 1.0139
57 45 1701.6515 1.0172
58 43 1759.6552 1.0205
59 46 1285.3399 1.0242
60 50 1454.1649 1.0283
61 41 1625.0078 1.0316
62 43 1415.0956 1.0351
63 52 2067.116 1.0393
64 42 1559.7343 1.0427
65 43 1553.5515 1.0462
66 63 2498.3259 1.0513
67 52 2113.9735 1.0555
68 52 1947.8628 1.0597
69 52 1646.002 1.0636
70 52 1828.4592 1.067
71 49 1376.4662 1.0702
72 67 2294.999 1.0747
73 52 1552.6413 1.0783
74 61 1990.2301 1.0825
75 54 1615.1905 1.0861
76 58 1712.827 1.0901
77 79 1863.9182 1.0956
78 67 1838.3715 1.1005
79 99 2253.0255 1.1079
80 92 1813.3903 1.1153
81 79 1587.746 1.1222
82 94 2080.2498 1.1308
83 83 2038.2088 1.1388
84 84 1888.0042 1.1472
85 80 2010.0649 1.1553
86 96 2791.6942 1.1654
87 70 2069.6202 1.1728
88 70 1934.2532 1.1805
89 65 1835.0421 1.1876
90 58 1721.8862 1.194
91 103 2622.2555 1.2054
92 59 1488.1971 1.212
93 52 1572.5329 1.2179
94 56 1594.7901 1.2245
95 47 1416.9094 1.2301
96 53 1542.9226 1.2363
97 49 1529.044 1.2422
98 49 1357.1637 1.2481
99 47 1526.2692 1.254
100 53 1764.7036 1.2605
101 45 1495.5474 1.266
102 49 1276.7166 1.272
103 50 1508.4919 1.2781
104 88 2883.0733 1.2888
105 49 1451.9148 1.2946
106 67 2137.5069 1.3024
107 75 2261.7242 1.3107
108 106 4369.7594 1.3219
109 195 8440.0736 1.3426
110 353 17003.3309 1.3805
111 1000 39498.2479 1.4896
112 326 12037.1923 1.5247
113 148 4759.5495 1.5404
114 210 6626.6943 1.5625
115 221 8434.441 1.5856
116 188 6978.8011 1.6053
117 67 1490.22 1.6122
118 62 1386.0907 1.6186
119 126 3371.5425 1.6317
120 192 7636.3066 1.6514
121 361 15013.3161 1.6882
122 210 8515.1994 1.7096
123 80 2277.0507 1.7177
124 114 3907.498 1.7291
125 344 15205.1751 1.7634
126 320 15403.2593 1.7956
127 82 2104.0805 1.8038
128 88 2320.3084 1.8126
129 386 17784.3297 1.8517
130 68 1948.3975 1.8587
131 108 3406.9779 1.8695
132 96 2967.068 1.8791
133 60 1291.6692 1.8852
134 98 3497.5129 1.8953
135 55 1411.2406 1.9009
136 53 1045.0628 1.9064
137 106 3568.707 1.9172
138 95 3038.4822 1.9269
139 73 1863.4608 1.9344
140 326 16606.1395 1.9672
141 60 1382.8395 1.9732
142 124 3950.2273 1.9857
143 223 9483.05 2.0079
144 193 7406.6253 2.0269
145 59 1534.7255 2.0328
146 85 2435.2989 2.0414
147 102 3545.6788 2.0516
148 98 3092.5337 2.0614
149 111 4888.8721 2.0725
150 107 3512.2017 2.0833
151 126 5512.6214 2.0961
152 94 3041.6382 2.1057
153 63 1372.5524 2.112
154 78 2675.0782 2.1199
155 100 3095.8912 2.1299
156 77 2871.5615 2.1375
157 213 9533.8918 2.1582
158 70 1775.7212 2.1651
159 83 2071.2752 2.1732
160 73 1813.6663 2.1804
161 119 4160.7448 2.1922
162 110 4026.4675 2.2032
163 97 3653.3785 2.2129
164 58 1483.7003 2.2187
165 97 4380.4792 2.2283
166 90 3635.096 2.2374
167 79 1980.6305 2.2454
168 57 1701.3525 2.2513
169 80 2324.269 2.2595
170 103 4732.7731 2.2702
171 88 2125.1941 2.279
172 99 3903.7015 2.289
173 58 1657.9674 2.2948
174 83 2981.5469 2.3031
175 105 3335.9729 2.3137
176 158 6898.8832 2.3297
177 111 3546.253 2.3409
178 59 1206.8274 2.3469
179 114 3351.7069 2.3584
180 47 812.2159 2.3631
181 53 1136.3831 2.3683
182 82 2318.9465 2.3764
183 387 18291.6183 2.4145
184 93 2548.3619 2.4233
185 57 1476.8372 2.4287
186 105 3273.1165 2.4388
187 102 3631.2752 2.4486
188 77 2708.7953 2.4559
189 129 3770.1827 2.4684
190 72 2066.881 2.4754
191 136 5432.5613 2.4888
192 88 2399.5719 2.4974
193 115 3981.9678 2.5088
194 123 3656.6434 2.5208
195 97 2757.9911 2.5301
196 334 13561.3637 2.5612
197 68 1456.1042 2.568
198 164 5761.2727 2.5846
199 108 3834.6479 2.5955
200 92 2488.5109 2.6046
201 354 15143.7703 2.6392
202 76 1509.5335 2.6469
203 166 5728.0636 2.6639
204 112 3717.0371 2.6755
205 174 6605.5748 2.6938
206 73 1445.4724 2.7013
207 163 5897.304 2.718
208 52 846.0093 2.7233
209 55 930.4313 2.7288
210 104 3389.8902 2.7391
211 104 1851.0129 2.7494
212 62 1261.3 2.7557
213 69 1294.0721 2.7627
214 66 1369.4246 2.7695
215 58 874.7306 2.7754
216 60 1391.5784 2.7814
217 52 915.2844 2.7866
218 60 998.7606 2.7926
219 76 2990.2491 2.8001
220 223 7967.208 2.8222
221 81 2436.0712 2.8303
222 55 1523.6907 2.8359
223 112 4303.2591 2.8471
224 178 6440.779 2.8648
225 71 1827.0124 2.8718
226 426 20730.4284 2.9141
227 68 2132.7589 2.9208
228 77 1483.0236 2.9285
229 93 3442.0985 2.938
230 73 2473.6272 2.9454
231 134 5278.8862 2.959
232 116 4166.7248 2.9704
233 96 3683.7875 2.9798
234 111 3333.7709 2.9906
235 124 4394.6265 3.0027
236 123 4531.4239 3.0149
237 122 3852.8954 3.0271
238 98 3260.9403 3.037
239 147 6302.7052 3.0523
240 70 2195.667 3.0596
241 82 1781.4714 3.0681
242 52 955.4813 3.0736
243 231 11546.426 3.0974
244 92 2825.8356 3.1067
245 116 4574.3743 3.1186
246 126 5128.4721 3.1315
247 76 2274.2861 3.1392
248 82 2553.1017 3.1476
249 52 665.7846 3.1529
250 53 653.441 3.1584
251 116 4132.5969 3.1706
252 55 1114.2325 3.1762
253 85 3128.5203 3.1848
254 118 5351.433 3.1963
255 56 1062.7134 3.2017
256 102 4295.5568 3.2115
257 269 12939.3223 3.2373
258 56 1153.8404 3.2427
259 101 4720.7565 3.2525
260 76 2164.1241 3.2601
261 75 1947.6144 3.2677
262 197 10161.9429 3.2876
263 108 3912.2184 3.2987
264 64 2315.9857 3.3053
265 97 3646.6515 3.3152
266 199 9856.4791 3.3357
267 309 14122.5097 3.3672
268 91 4512.923 3.3763
269 291 14749.727 3.4057
270 49 337.8098 3.4108
271 65 2116.0011 3.4174
272 62 2602.3419 3.4237
273 96 4145.1909 3.4334
274 93 3605.5431 3.4428
275 103 3848.5289 3.4534
276 62 2012.4206 3.4598
277 93 3380.4007 3.4694
278 139 5647.9939 3.4835
279 44 570.7238 3.488
280 202 10176.582 3.5083
281 140 5909.9138 3.5222
282 95 4181.7565 3.5318
283 96 3825.8947 3.5415
284 53 1865.3287 3.5469
285 65 2196.1606 3.5535
286 193 9364.2954 3.573
287 53 1611.2557 3.5783
288 90 3668.879 3.5873
289 57 1683.3687 3.593
290 132 5055.7238 3.6061
291 97 3412.1829 3.6158
292 54 1488.8038 3.6212
293 230 11950.6128 3.6438
294 95 4366.5493 3.6531
295 91 3734.0325 3.6621
296 214 10618.1603 3.6831
297 93 4118.7315 3.6922
298 206 9738.046 3.7126
299 283 14993.2991 3.7407
300 70 2618.1329 3.7477
301 84 2767.1473 3.7562
302 89 3796.8311 3.7649
303 84 3371.4008 3.7732
304 56 1682.9084 3.7786
305 90 3560.6082 3.7877
306 200 10086.8489 3.808
307 90 3717.5513 3.817
308 95 3928.3333 3.8266
309 130 6112.3396 3.8399
310 54 1040.1824 3.8453
311 147 6633.5706 3.86
312 203 10174.206 3.8808
313 52 1346.9996 3.8862
314 42 967.9487 3.8906
315 52 1054.2895 3.896
316 91 3868.8299 3.9053
317 107 4286.6223 3.9163
318 91 3207.8033 3.9255
319 67 2119.6969 3.9323
320 52 1368.0265 3.9376
321 66 2069.0562 3.9444
322 56 1960.059 3.9501
323 90 3396.2478 3.9593
324 58 2117.8106 3.9651
325 66 3429.51 3.9717
326 68 3359.5369 3.9786
327 111 4990.5254 3.9898
328 56 2085.4476 3.9953
329 74 1964.4542 4.0027
330 52 827.1842 4.0079
331 88 3597.1502 4.0165
332 220 9396.6892 4.0382
333 52 1297.2336 4.0433
334 103 4864.5575 4.0536
335 78 3208.5467 4.0612
336 77 3124.5248 4.0687
337 58 1957.7603 4.0745
338 61 1868.5082 4.0805
339 64 2088.1448 4.0867
340 203 9657.7375 4.1063
341 57 1845.4837 4.112
342 52 1656.2757 4.117
343 70 2639.5185 4.1239
344 179 7488.9072 4.1414
345 82 4229.8382 4.1492
346 55 1610.5671 4.1546
347 52 1142.2819 4.1596
348 87 4077.9874 4.168
349 92 3662.5722 4.1768
350 52 1303.6899 4.1817
351 63 2501.2394 4.1879
352 203 9741.4458 4.2074
353 198 9288.9304 4.2267
354 75 3627.3124 4.2341
355 64 2305.8931 4.2404
356 61 2059.7689 4.2462
357 101 4151.088 4.2561
358 92 3905.2834 4.2652
359 52 1345.6469 4.2704
360 222 10840.6352 4.2924
361 63 2748.6467 4.2988
362 97 4558.1988 4.3081
363 226 12786.223 4.3302
364 97 4862.184 4.3397
365 93 4127.5116 4.3489
366 101 3964.2495 4.3587
367 135 6212.4009 4.3718
368 194 11333.2774 4.3903
369 230 10674.0922 4.4131
370 55 1735.4207 4.4185
371 76 3915.299 4.426
372 53 1461.4293 4.4313
373 133 6309.0179 4.4447
374 67 1669.5296 4.4513
375 52 1623.2577 4.4565
376 83 3773.7206 4.4648
377 102 4609.9672 4.475
378 88 3734.558 4.484
379 87 4286.9011 4.4927
380 221 11115.9181 4.5148
381 81 3950.4666 4.5228
382 82 3831.154 4.5309
383 97 4051.4038 4.5404
384 85 4103.1774 4.5488
385 107 4156.5921 4.5591
386 52 1581.7274 4.5641
387 310 17100.6649 4.5936
388 89 3874.1066 4.602
389 93 4751.1682 4.6107
390 71 2971.7211 4.6174
391 206 10586.2056 4.6375
392 82 4371.8298 4.6455
393 84 4038.8192 4.6537
394 463 26779.3068 4.6983
395 56 1576.9433 4.7036
396 57 1515.042 4.709
397 308 16644.0024 4.7391
398 89 4599.303 4.7477
399 52 1025.3171 4.7528
400 93 4217.283 4.7619
401 72 3476.6801 4.7691
402 256 15145.2244 4.7944
403 68 1273.0035 4.8012
404 449 26264.6896 4.8453
405 184 10399.743 4.8638
406 130 6755.4441 4.8767
407 88 4179.1866 4.8854
408 53 1686.6228 4.8907
409 77 3543.2965 4.8985
410 69 3070.1914 4.9055
411 73 3133.2281 4.913
412 89 4818.5685 4.9222
413 104 5324.6254 4.933
414 55 1573.9974 4.9386
415 90 3389.2372 4.9479
416 254 13806.389 4.9733
417 148 7123.4041 4.9878
418 80 3694.6112 4.9956
419 310 18287.9458 5.0257
420 82 3829.6112 5.0339
421 81 4186.5417 5.042
422 89 3534.0961 5.0509
423 86 4708.6685 5.0594
424 77 4206.8625 5.067
425 169 11327.6373 5.0837
426 84 4516.246 5.0919
427 78 4164.894 5.0996
428 76 3730.9742 5.1071
429 82 3642.9053 5.1154
430 86 3891.2525 5.124
431 89 4930.7844 5.1328
432 84 4299.2703 5.1412
433 137 6803.0524 5.1549
434 137 7526.6222 5.1687
435 127 6890.0755 5.1814
436 130 7552.057 5.1945
437 179 10341.5327 5.2127
438 77 3857.8782 5.2205
439 81 3410.5363 5.2288
440 64 2495.963 5.2353
441 54 1661.1041 5.2408
442 78 3791.301 5.249
443 123 7930.3391 5.2615
444 99 4318.4292 5.2714
445 60 2508.5651 5.2773
446 88 5204.168 5.2859
447 79 4138.6222 5.2937
448 77 3680.7886 5.3011
449 297 18046.0452 5.3301
450 113 6409.949 5.341
451 81 4347.0165 5.3489
452 97 4843.93 5.3585
453 150 7329.0861 5.3735
454 88 3737.1098 5.3824
455 91 4055.7397 5.3915
456 127 7575.2936 5.4043
457 83 4052.9496 5.4126
458 90 3473.6301 5.4216
459 95 4903.6719 5.431
460 86 3531.6726 5.4395
461 261 15927.3959 5.4656
462 77 3363.4006 5.4734
463 52 1811.3404 5.4786
464 1000 65275.6794 5.5756
465 303 19599.3804 5.6052
466 313 18476.6945 5.6356
467 60 2111.5728 5.6416
468 99 4936.8342 5.6515
469 107 5718.9573 5.6623
470 268 15453.4217 5.6892
471 85 4186.0288 5.6978
472 88 4929.0327 5.7067
473 100 5816.6552 5.7169
474 79 3911.4461 5.725
475 90 3688.5487 5.7342
476 291 19844.421 5.7634
477 80 3999.9349 5.7715
478 253 14444.2819 5.7967
479 82 4446.2822 5.8049
480 80 4412.2431 5.813
481 54 1647.9614 5.8184
482 85 4213.4271 5.827
483 72 3346.7087 5.8343
484 103 5750.7862 5.8447
485 96 4586.0422 5.8542
486 90 4119.0591 5.8631
487 425 26902.9719 5.9045
488 86 5195.672 5.9129
489 77 4385.372 5.9204
490 81 4038.3527 5.9283
491 53 1798.7027 5.9334
492 78 3610.6009 5.941
493 316 18715.8239 5.9726
494 303 18186.6977 6.0024
495 311 17020.9919 6.0331
496 227 13880.2563 6.0558
497 171 9994.6308 6.0729
498 87 4481.8048 6.0817
499 99 5660.3909 6.0917
500 299 17154.4526 6.1217
501 81 4089.2319 6.1297
502 289 18807.038 6.1587
503 282 17768.2444 6.1872
504 72 3034.8214 6.1944
505 158 8959.1776 6.2101
506 92 3829.762 6.2193
507 251 14553.9127 6.2445
508 61 2293.166 6.2505
509 85 3666.5352 6.2589
510 90 5173.105 6.2682
511 80 4295.9003 6.2764
512 74 3640.5496 6.2838
513 175 11527.4471 6.3015
514 73 3307.0944 6.309
515 76 4494.1105 6.3167
516 75 2417.7425 6.3245
517 53 1260.9196 6.33
518 100 5655.7809 6.3402
519 289 18087.2821 6.3693
520 97 5670.8203 6.3792
521 79 4008.3312 6.387
522 81 4446.2392 6.3951
523 82 4527.1747 6.4033
524 88 3620.7099 6.412
525 259 13675.8526 6.4375
526 251 15337.2254 6.4617
527 80 3629.3027 6.4692
528 257 15253.0694 6.4938
529 86 3991.9456 6.5021
530 77 3563.9228 6.5096
531 87 3831.2325 6.5181
532 84 4118.4219 6.5263
533 84 4264.4395 6.5345
534 81 3890.8665 6.5424
535 310 21600.4535 6.5732
536 164 10556.8381 6.5894
537 84 4260.6739 6.5976
538 91 4827.8337 6.6064
539 81 3833.4574 6.6145
540 83 4403.5587 6.6226
541 295 18492.5118 6.6519
542 81 3786.6137 6.66
543 243 15833.4729 6.6843
544 50 1184.8364 6.6893
545 55 1695.8162 6.6948
546 82 3582.3751 6.703
547 84 4650.1969 6.7115
548 91 4798.3569 6.7205
549 53 1792.549 6.7257
550 58 1394.3038 6.7314
551 135 7684.9536 6.745
552 79 3838.1425 6.7529
553 85 4236.3628 6.7614
554 290 17722.3076 6.7902
555 84 4294.7192 6.7987
556 74 3661.2206 6.8061
557 82 4565.4568 6.8144
558 334 21117.3147 6.8469
559 260 15377.0262 6.8722
560 249 15341.8793 6.8966
561 73 3375.9285 6.904
562 82 4581.8009 6.9122
563 249 14550.9533 6.9374
564 81 4019.298 6.9456
565 313 20308.4857 6.9769
566 95 4459.942 6.9865
567 82 4321.6458 6.9948
568 294 17043.5387 7.0242
569 77 3620.6526 7.0319
570 67 2877.5941 7.0386
571 89 3536.9949 7.0475
572 99 4499.6326 7.0573
573 88 3821.925 7.066
574 75 3778.6429 7.0734
575 75 3224.7492 7.0809
576 61 1832.6766 7.0869
577 77 3403.2925 7.0946
578 60 2088.7546 7.1007
579 150 8933.9055 7.116
580 69 3019.1477 7.123
581 75 2988.0125 7.1306
582 75 3546.2525 7.138
583 306 18307.6506 7.1682
584 111 4641.6716 7.1791
585 317 19986.4476 7.2103
586 288 18482.2947 7.2384
587 81 4225.8698 7.2464
588 64 2069.5023 7.2527
589 943 61774.0354 7.3458
590 84 3893.7791 7.3541
591 303 16355.7881 7.3832
592 251 15226.8683 7.4075
593 82 4158.4769 7.4154
594 81 3571.7998 7.4233
595 80 4073.1153 7.431
596 81 4022.3651 7.439
597 102 4563.7442 7.4489
598 81 4416.546 7.4567
599 79 3510.4564 7.4646
600 293 16550.473 7.493
601 80 3673.9038 7.5007
602 633 39214.7084 7.562
603 65 2327.1963 7.5683
604 320 19507.8816 7.5995
605 308 17734.9015 7.6294
606 86 3894.9063 7.6378
607 584 35711.1178 7.6961
608 143 6702.4106 7.7107
609 295 17642.3987 7.7404
610 83 4253.299 7.7489
611 55 1842.506 7.7545
612 329 20555.8455 7.787
613 307 19130.7532 7.817
614 638 40705.3379 7.8802
615 291 16886.9444 7.9087
616 281 17915.2393 7.9368
617 86 4277.0619 7.9452
618 310 18665.8163 7.976
619 608 39182.3839 8.0348
620 84 3783.2182 8.0429
621 609 38055.6007 8.1026
622 84 4204.9699 8.111
623 945 61097.0787 8.204
624 126 6185.4206 8.2164
625 87 4145.4746 8.225
626 648 37891.1735 8.2881
627 305 18753.0008 8.3182
628 287 17013.7092 8.3463
629 267 14373.7341 8.3726
630 890 61493.6764 8.4615
631 264 16001.6169 8.4878
632 331 20999.6512 8.5202
633 292 16930.6299 8.5489
634 299 18297.681 8.5786
635 304 17153.1438 8.6087
636 88 3887.2248 8.6175
637 328 19221.6037 8.6503
638 298 16693.92 8.6795
639 257 15358.7279 8.705
640 83 3983.9552 8.7133
641 1000 66392.9911 8.8127
642 419 26334.287 8.8542
643 289 17754.0242 8.8827
644 261 14406.9488 8.9086
645 1000 68880.2195 9.0066
646 757 48436.4419 9.082
647 641 42575.1709 9.1458
648 731 49912.8868 9.2199
649 289 17990.3311 9.2491
650 332 21869.8995 9.2825
651 85 4501.9798 9.2911
652 291 18240.3221 9.3204
653 312 19040.4984 9.3518
654 632 40347.0512 9.4145
655 57 1822.2122 9.42
656 291 17815.3157 9.4486
657 299 18620.2017 9.4783
658 93 3705.9961 9.4876
659 295 18133.398 9.5167
660 88 4309.5925 9.5255
661 295 17635.8247 9.5546
662 301 19105.615 9.5843
663 580 35944.8399 9.6424
664 626 40156.2825 9.7044
665 98 4306.6851 9.7141
666 598 38988.3584 9.7728
667 303 17215.3366 9.8022
668 309 18846.4906 9.8325
669 342 21995.6725 9.8662
670 639 40382.4755 9.9295
671 96 4881.3797 9.9392
672 337 21127.965 9.9732
673 93 4665.9599 9.9824
674 107 5557.9015 9.993
675 641 46058.4321 10.0555
676 305 19734.2081 10.0852
677 298 18844.685 10.1146
678 992 68285.8355 10.2126
679 101 4837.8829 10.2225
680 1000 65969.2419 10.3228
681 292 17923.4715 10.3521
682 302 18660.0388 10.3827
683 110 5784.9585 10.3939
684 300 18872.0316 10.4239
685 635 43264.4307 10.4867
686 1000 68376.7787 10.5844
687 1000 72775.7412 10.6832
688 87 4515.8405 10.6917
689 299 19467.35 10.7216
690 338 22265.3755 10.7559
691 301 18774.0693 10.7866
692 302 19795.6053 10.8169
693 1000 68725.128 10.9174
694 1000 66848.0432 11.016
695 302 19529.0517 11.0456
696 1000 68936.0729 11.1451
697 306 19681.6956 11.1764
698 302 18496.3716 11.207
699 83 4507.1676 11.2154
700 88 4480.3791 11.2241
701 1000 69339.2114 11.3232
702 307 20736.6266 11.3532
703 293 19646.8392 11.3823
704 301 18878.3225 11.4124
705 292 18658.0553 11.4419
706 1000 70418.6366 11.5411
707 299 19811.5861 11.5706
708 303 19952.4387 11.6008
709 603 40280.7678 11.662
710 429 29677.1644 11.7055
711 340 21365.1488 11.7397
712 308 20216.0897 11.7697
713 305 20034.3161 11.7996
714 251 16445.0051 11.8246
715 301 20796.1185 11.8539
716 653 43282.5618 11.919
717 629 44678.7278 11.982
718 94 5035.5684 11.9914
719 107 6228.5695 12.0019
720 316 22073.6447 12.0335
721 86 4042.71 12.0423
722 304 19791.8952 12.0728
723 1000 69936.852 12.1723
724 93 4799.3292 12.1816
725 635 44823.8335 12.2456
726 635 44202.5425 12.3089
727 329 23100.0471 12.3419
728 312 20126.5371 12.373
729 639 45953.2214 12.436
730 303 19815.2739 12.4662
731 912 66494.0759 12.5564
732 90 5225.6385 12.5654
733 1000 70544.0051 12.6645
734 93 4738.6447 12.6739
735 85 4221.9828 12.6825
736 308 20457.266 12.7137
737 1000 72054.8081 12.8133
738 303 20058.7905 12.8438
739 645 46794.5547 12.9083
740 312 21331.3457 12.9395
741 89 4773.994 12.9483
742 986 70963.4676 13.0473
743 303 20931.1895 13.0777
744 1000 71140.3742 13.1774
745 91 4753.3735 13.1864
746 306 20899.5664 13.2166
747 306 21566.8501 13.2468
748 311 20592.684 13.2776
749 641 47293.6572 13.3409
750 1000 74696.358 13.4412
751 440 31282.7498 13.4852
752 633 48750.0292 13.5482
753 89 4167.4918 13.5571
754 308 20907.7867 13.5878
755 92 4964.5302 13.5971
756 298 21030.4272 13.6267
757 601 41946.837 13.6865
758 298 20723.8907 13.7162
759 654 48144.3848 13.7804
760 987 77585.7066 13.8776
761 315 22565.093 13.9086
762 89 4839.3437 13.9174
763 303 22790.5861 13.948
764 304 22263.9014 13.9783
765 997 78253.5335 14.078
766 93 5355.631 14.0874
767 298 21775.1093 14.117
768 95 5286.5793 14.1266
769 305 22603.7268 14.1569
770 608 46431.1371 14.2165
771 92 5416.5898 14.2258
772 644 49631.329 14.2898
773 696 54330.6022 14.359
774 645 51291.0873 14.4228
775 707 54307.4326 14.4927
776 1000 80470.7777 14.5919
777 95 5025.2459 14.6015
778 302 22339.4183 14.6312
779 1000 81249.7267 14.7288
780 316 23957.7655 14.76
781 92 5547.825 14.7689
782 258 19261.5414 14.7942
783 607 48788.9955 14.8534
784 662 53526.5518 14.9187
785 1000 79483.0996 15.0176
786 94 5200.4234 15.0269
787 959 77599.4972 15.1221
788 258 18655.7084 15.148
789 267 18019.1427 15.1749
790 89 4677.5048 15.1837
791 258 18059.4806 15.2095
792 96 5257.2082 15.219
793 804 64245.7845 15.2995
794 314 23217.2019 15.3307
795 261 19631.0801 15.3561
796 310 23723.2035 15.3865
797 313 22826.1587 15.4175
798 312 24685.2977 15.4486
799 452 34610.8749 15.4927
800 308 23068.0897 15.5228
801 660 51843.3834 15.5888
802 902 76035.8052 15.6789
803 607 47984.8231 15.7399
804 671 56017.0534 15.8073
805 307 23551.218 15.838
806 312 22224.4957 15.8689
807 454 33042.8495 15.9138
808 309 23094.7031 15.9444
809 668 53576.806 16.0105
810 300 23011.5071 16.0403
811 610 49303.3222 16.1014
812 443 36970.4774 16.1457
813 313 24080.3494 16.1771
814 263 19340.1162 16.2032
815 1000 83616.203 16.3027
816 961 80239.9481 16.3983
817 105 6374.8471 16.4087
818 663 55111.4487 16.4745
819 323 24765.2908 16.5072
820 669 53853.2112 16.5736
821 318 24355.6003 16.6054
822 1000 84655.9921 16.7051
823 1000 83901.7379 16.8043
824 460 37300.8058 16.8504
825 111 7161.8204 16.8617
826 454 35688.0597 16.9069
827 306 23788.7423 16.9371
828 664 54618.1208 17.0036
829 321 24256.5432 17.0359
830 306 23343.846 17.0666
831 316 24556.5381 17.0984
832 311 23142.4833 17.1296
833 1000 81951.9746 17.2295
834 454 37134.0305 17.2744
835 308 23543.2005 17.3049
836 111 7253.9956 17.316
837 309 23721.1876 17.347
838 1000 84057.5241 17.4459
839 108 7259.4153 17.4567
840 684 54005.6592 17.5248
841 310 24716.1332 17.556
842 93 5525.0134 17.5654
843 262 19537.1456 17.5914
844 674 53426.3579 17.6585
845 98 6476.3419 17.6683
846 668 53188.454 17.7359
847 309 24181.4639 17.767
848 805 65438.7759 17.8471
849 310 24093.9431 17.8779
850 452 36154.2619 17.9229
851 318 23778.37 17.9543
852 578 46328.6505 18.0117
853 99 6276.5809 18.0213
854 605 48762.9462 18.0809
855 1000 83934.2454 18.1799
856 631 47502.7935 18.2422
857 462 35169.9706 18.2878
858 328 25206.1364 18.3197
859 1000 82966.7415 18.4189
860 827 65020.3041 18.5004
861 837 65142.6839 18.5829
862 267 18999.9484 18.6096
863 1000 81773.2944 18.7093
864 326 23546.4717 18.741
865 460 37047.5524 18.7867
866 474 37060.4348 18.8334
867 393 26628.6128 18.8719
868 112 7287.0858 18.883
869 842 65787.0711 18.9656
870 698 54735.9468 19.0337
871 482 35669.2331 19.0814
872 1000 82013.9479 19.1801
873 120 7146.0143 19.1918
874 1000 73197.6873 19.2898
875 1000 79911.339 19.3877
876 101 6419.671 19.3976
877 1000 69265.8402 19.4942
878 1000 63802.5339 19.5905
879 1000 61964.7515 19.686
880 1000 60946.8396 19.7804
881 604 35360.3874 19.8369
882 444 24518.1241 19.8776
883 128 6120.2846 19.8895
884 599 35834.9677 19.9453
885 144 7382.9878 19.9585
886 638 36286.5272 20.016
887 487 28287.2978 20.0588
888 624 35440.0243 20.1123
889 1000 58868.64 20.1959
890 141 5773.6406 20.2072
891 437 23394.4949 20.2426
892 1000 56483.0203 20.3202
893 148 5839.5983 20.3316
894 497 27219.3138 20.368
895 1000 57141.4741 20.4311
896 624 35197.0345 20.46
897 149 7123.3825 20.4648
898 1000 56357.2271 20.4645
899 344 17848.391 20.4438
900 449 23344.0843 20.4049
901 1000 56373.5585 20.2826
902 1000 54576.4232 20.1558
903 423 22325.1807 20.1042
904 150 6312.2247 20.0864
905 433 23100.6864 20.0349
906 427 23215.8808 19.9859
907 1000 55230.4616 19.8754
908 1000 55677.4033 19.7698
909 632 33940.2707 19.7032
910 148 6715.4945 19.6878
911 494 25773.2449 19.6361
912 132 5730.044 19.6222
913 143 6307.6993 19.6072
914 500 26531.0265 19.5561
915 136 6213.217 19.5423
916 1000 55553.6655 19.4414
917 345 17665.3796 19.4061
918 348 17590.4269 19.3704
919 343 18014.3277 19.3354
920 348 18676.0957 19.2999
921 632 34003.373 19.2365
922 507 27695.6492 19.1867
923 338 18255.6439 19.1532
924 132 5405.715 19.1399
925 998 56159.8735 19.0404
926 147 5975.5536 19.0258
927 1000 56523.6562 18.9266
928 142 5820.4107 18.9124
929 630 34858.3305 18.8498
930 424 24049.9651 18.8077
931 169 7399.4864 18.7909
932 1000 56397.9546 18.6928
933 681 35654.0865 18.6255
934 184 7996.616 18.6071
935 1000 55572.7958 18.5077
936 539 30100.3895 18.4551
937 148 6914.8196 18.4406
938 1000 56957.6908 18.3427
939 139 5795.307 18.329
940 941 51227.2716 18.2369
941 634 35146.1077 18.1743
942 637 33887.0334 18.1118
943 1000 58385.8455 18.0139
944 184 8113.1763 17.996
945 1000 57489.1737 17.8988
946 515 28571.989 17.8475
947 132 6474.7496 17.8342
948 510 29055.4596 17.7833
949 622 36590.2765 17.7216
950 1000 59396.2893 17.6234
951 477 27039.3403 17.5768
952 179 8029.6467 17.5595
953 820 47325.1559 17.4793
954 1000 59937.8295 17.3819
955 827 47397.1428 17.3008
956 505 28353.5817 17.2508
957 313 18036.2783 17.2206
958 1000 58940.4875 17.1236
959 502 28522.7734 17.0744
960 1000 59484.4869 16.9771
961 632 35612.9147 16.915
962 664 38365.3225 16.8502
963 1000 59389.4773 16.7532
964 532 29964.4387 16.7015
965 1000 60125.6791 16.6042
966 1000 58861.22 16.5066
967 1000 61104.6989 16.4107
968 1000 60093.9506 16.3149
969 297 15843.0011 16.2858
970 1000 60236.5148 16.189
971 1000 60187.0855 16.092
972 640 36648.2202 16.0299
973 515 29322.0755 15.9795
974 1000 60935.4637 15.8837
975 1000 61277.7195 15.7886
976 1000 62050.728 15.6927
977 1000 60234.2643 15.5965
978 161 7540.121 15.5814
979 516 29880.0174 15.5325
980 161 7994.8528 15.5173
981 1000 60357.2924 15.4231
982 140 6332.838 15.4101
983 1000 61228.0866 15.3144
984 148 6945.7752 15.3004
985 1000 61915.9755 15.205
986 1000 60895.8282 15.1114
987 1000 61513.4003 15.0171
988 518 31077.8989 14.9686
989 1000 61488.3361 14.8769
990 990 61430.157 14.7851
991 1000 62638.4984 14.6927
992 424 24382.6566 14.6539
993 1000 59491.9462 14.5614
994 352 19614.9303 14.5283
995 1000 60161.8755 14.437
996 340 18415.6184 14.4051
997 635 38017.7179 14.3478
998 1000 61630.2989 14.2567
999 976 61020.3612 14.1696
1000 1000 61801.6912 14.0775
