0 18 150.7204 1.0017
1 18 150.7204 1.0035
2 18 150.7204 1.0051
3 18 150.7204 1.0065
4 18 150.7204 1.0073
5 18 150.7204 1.0072
6 18 150.7204 1.0067
7 18 150.7204 1.006
8 18 150.7204 1.0053
9 18 150.7204 1.0044
10 18 150.7204 1.0036
11 52 86.2121 1.0012
12 29 -2.7983 0.9999
13 24 -3.3842 0.9989
14 41 190.6389 0.9971
15 32 372.732 0.9958
16 22 197.6459 0.9949
17 23 248.3972 0.994
18 14 -116.346 0.9935
19 20 31.9096 0.9927
20 26 140.751 0.9917
21 16 -28.5791 0.9911
22 19 39.2352 0.9904
23 19 -1.7215 0.9896
24 19 93.6714 0.9889
25 18 42.5075 0.9882
26 14 -85.3406 0.9877
27 20 130.2528 0.987
28 15 -25.1343 0.9865
29 17 84.6138 0.9859
30 16 45.416 0.9854
31 18 99.511 0.9848
32 16 -38.586 0.9843
33 17 7.0272 0.9838
34 16 -47.0135 0.9834
35 17 77.8715 0.983
36 24 360.4601 0.9824
37 15 -2.5647 0.9821
38 15 -33.9265 0.9818
39 17 72.3946 0.9815
40 28 660.7675 0.981
41 15 2.5237 0.9808
42 17 7.07 0.9806
43 19 138.0537 0.9805
44 13 -82.8653 0.9804
45 14 -97.4339 0.9804
46 16 -1.5058 0.9803
47 16 25.5197 0.9803
48 16 -40.6305 0.9804
49 14 -63.6891 0.9804
50 17 68.7313 0.9805
51 13 -111.1349 0.9807
52 14 -71.6665 0.9808
53 14 -55.3937 0.981
54 14 -96.285 0.9812
55 15 -18.604 0.9815
56 13 -70.2841 0.9817
57 13 -95.1107 0.982
58 14 -106.8439 0.9823
59 14 -73.8341 0.9825
60 16 -18.204 0.9829
61 15 -52.3773 0.9833
62 17 25.9786 0.9838
63 14 -45.9415 0.9842
64 13 -73.2795 0.9846
65 15 10.9038 0.9851
66 15 -17.6041 0.9855
67 15 -132.3074 0.986
68 20 296.5666 0.9867
69 26 508.1937 0.9876
70 16 -19.2555 0.9882
71 15 -27.4653 0.9888
72 15 15.7721 0.9895
73 15 38.8408 0.9901
74 14 -65.617 0.9908
75 19 154.7105 0.9916
76 18 142.11 0.9924
77 15 48.3637 0.9931
78 33 950.541 0.9948
79 29 718.3546 0.9963
80 40 1086.8315 0.9986
81 47 982.6323 1.0017
82 41 1370.3947 1.0047
83 49 2139.1753 1.0084
84 48 1724.1127 1.0121
85 42 970.4788 1.0153
86 41 1488.9473 1.0185
87 41 1375.161 1.0217
88 45 1297.3527 1.0254
89 41 1450.4946 1.0287
90 44 1661.9692 1.0321
91 47 1572.2634 1.0356
92 44 1314.4733 1.0389
93 41 1583.5704 1.0418
94 44 1518.78 1.0446
95 52 2345.235 1.0477
96 63 3163.4013 1.0508
97 52 1919.7818 1.0528
98 56 2228.707 1.0546
99 61 1962.3696 1.0566
100 67 1938.5956 1.0589
101 70 1885.3175 1.0615
102 121 2102.6667 1.067
103 52 23.0941 1.0704
104 52 11.1774 1.0743
105 52 -2.6803 1.0781
106 52 56.5411 1.0812
107 88 1997.0955 1.0866
108 81 2107.6549 1.0931
109 80 2137.1414 1.1003
110 54 1947.8848 1.1055
111 68 2144.3403 1.1123
112 54 1837.3804 1.1179
113 52 1843.4432 1.1236
114 55 1958.2274 1.1296
115 58 1682.0597 1.136
116 51 1584.6003 1.1416
117 61 1914.7098 1.1484
118 54 1911.1443 1.1546
119 59 1916.7532 1.1612
120 80 2613.528 1.1705
121 56 2095.6148 1.1769
122 52 1628.8333 1.1825
123 53 1828.6152 1.1883
124 55 1788.0051 1.1941
125 56 1668.7097 1.2001
126 66 1981.5787 1.2072
127 55 1783.02 1.2132
128 73 2059.6583 1.2209
129 62 1978.1457 1.2275
130 56 1922.406 1.2335
131 67 2070.6056 1.2406
132 81 2286.0649 1.2493
133 74 2163.11 1.2571
134 56 1600.3742 1.2631
135 64 1674.4257 1.2699
136 68 1962.0207 1.2772
137 87 2081.1989 1.2866
138 69 1574.7809 1.294
139 62 1435.2202 1.3007
140 80 2026.8287 1.3093
141 92 2168.1855 1.3192
142 83 2106.0645 1.3283
143 73 1806.3418 1.3361
144 66 1704.4456 1.3432
145 66 1600.9248 1.3506
146 81 2007.4859 1.3593
147 65 1949.7571 1.3664
148 57 1535.4293 1.3726
149 73 2097.6674 1.3805
150 65 1656.7632 1.3874
151 92 2591.8586 1.3971
152 65 1461.3903 1.404
153 94 2134.5819 1.4139
154 106 2941.1234 1.4249
155 70 2058.7686 1.4321
156 219 7318.6578 1.4544
157 281 8509.6196 1.4831
158 566 20941.9611 1.5441
159 479 16360.0743 1.5981
160 491 15938.6293 1.6536
161 242 9513.0323 1.6806
162 308 11183.8826 1.7142
163 264 9488.0568 1.742
164 76 1275.6542 1.7501
165 96 1795.9514 1.7602
166 295 9619.1675 1.7906
167 68 1056.0575 1.7978
168 439 14946.5784 1.844
169 429 15232.143 1.8879
170 180 5540.3145 1.906
171 684 25007.4904 1.9743
172 139 4305.5996 1.9879
173 337 11524.0231 2.0205
174 637 21805.5943 2.0838
175 353 11002.0637 2.1188
176 540 15292.327 2.1718
177 77 1142.1622 2.1793
178 80 1023.9198 2.1874
179 93 1390.0054 2.1969
180 47 506.5757 2.2015
181 187 4442.1603 2.2198
182 52 552.2696 2.2249
183 43 418.7169 2.229
184 54 564.1212 2.2344
185 60 641.5728 2.2403
186 248 5176.3761 2.2639
187 52 585.5192 2.2689
188 52 531.6786 2.2739
189 52 215.5328 2.279
190 52 122.9206 2.2841
191 65 547.3021 2.2902
192 56 156.0685 2.2956
193 53 443.0807 2.3007
194 55 553.514 2.3061
195 55 546.0777 2.3115
196 52 117.7112 2.3167
197 52 122.4492 2.322
198 62 310.8524 2.3283
199 55 486.1472 2.3338
200 54 478.7961 2.3392
201 145 3098.5026 2.3538
202 67 805.8205 2.3606
203 96 1414.2382 2.3702
204 56 578.5751 2.3758
205 489 15492.718 2.4258
206 283 11390.7389 2.4543
207 72 1184.614 2.4616
208 130 3999.1626 2.4749
209 181 6040.807 2.493
210 113 3193.3533 2.5044
211 276 12152.0829 2.5324
212 109 3773.8841 2.5439
213 165 6517.3417 2.5608
214 117 4189.1282 2.5727
215 317 14806.303 2.6054
216 118 4587.1912 2.6173
217 126 4708.4906 2.6298
218 319 15639.9515 2.6611
219 402 19315.8312 2.7007
220 133 5370.989 2.7138
221 602 29519.6172 2.7738
222 66 2007.4162 2.7804
223 403 21484.2056 2.8212
224 318 15827.5905 2.8532
225 518 27019.5138 2.9046
226 444 22093.733 2.949
227 325 15931.3322 2.9817
228 390 20288.0101 3.0211
229 116 5164.4286 3.0326
230 378 21843.7708 3.0705
231 542 29921.5495 3.124
232 772 45293.9351 3.1999
233 320 17885.9161 3.2313
234 120 5542.7111 3.2429
235 882 49250.8966 3.3299
236 313 18876.3426 3.3612
237 427 24058.261 3.4041
238 389 22512.5305 3.4431
239 1000 58188.6317 3.5433
240 588 35389.5019 3.6014
241 320 17512.4785 3.6331
242 806 46380.0261 3.7137
243 71 2882.2454 3.7209
244 598 34349.195 3.7813
245 315 17783.244 3.8129
246 517 31769.4231 3.8645
247 118 5853.4105 3.8763
248 305 18543.9429 3.9068
249 321 18165.7531 3.9391
250 386 22524.8148 3.9779
251 866 52445.4118 4.0642
252 326 17498.8149 4.0968
253 280 15129.2886 4.1248
254 863 51994.827 4.2103
255 779 45836.3492 4.2879
256 103 5958.4127 4.2982
257 73 2588.9012 4.3056
258 147 7023.2225 4.3203
259 306 16314.5889 4.351
260 148 6978.977 4.3657
261 140 5917.2028 4.3798
262 281 15246.9178 4.4079
263 498 26622.7999 4.4569
264 344 21537.8574 4.4911
265 43 768.0367 4.4954
266 112 5260.6948 4.5065
267 281 14574.2008 4.5344
268 303 16080.4685 4.5644
269 133 6500.7623 4.5777
270 396 20667.8619 4.6176
271 266 14830.7421 4.6443
272 64 2289.5404 4.6507
273 410 21449.0351 4.6915
274 1000 56161.9743 4.7907
275 123 7155.6321 4.803
276 743 40774.3777 4.8774
277 326 16440.2962 4.9098
278 121 4919.3982 4.9218
279 310 15616.5556 4.9529
280 839 49442.854 5.0369
281 466 25863.4864 5.0834
282 143 6179.0667 5.0977
283 252 14676.3841 5.1226
284 116 5065.7797 5.1341
285 165 7130.4532 5.1504
286 135 6253.0586 5.1639
287 269 13742.217 5.1906
288 293 17070.1827 5.2197
289 320 15643.6206 5.2512
290 110 4888.63 5.262
291 424 21889.4092 5.3037
292 116 4725.562 5.315
293 141 5099.977 5.3289
294 418 20903.7949 5.3703
295 424 21089.5345 5.4123
296 145 5656.7972 5.4268
297 132 5590.8291 5.4399
298 279 16184.1657 5.4677
299 147 5527.0073 5.4824
300 272 14218.1041 5.5095
301 386 21273.4977 5.5476
302 130 4881.9162 5.5606
303 166 7455.4579 5.577
304 138 6401.0887 5.5907
305 165 7766.6711 5.607
306 326 15912.5295 5.6392
307 294 15084.3522 5.6683
308 76 2126.4525 5.6759
309 268 13949.9318 5.7026
310 306 16613.2037 5.7328
311 736 41435.3774 5.8056
312 135 5085.0618 5.8187
313 276 13346.1607 5.8456
314 157 7855.565 5.8609
315 71 1697.4845 5.868
316 43 501.1575 5.8722
317 165 6759.9433 5.8885
318 595 33590.6768 5.9472
319 69 1740.3493 5.954
320 261 13881.4407 5.9797
321 303 15336.3074 6.0095
322 262 15213.3207 6.0354
323 143 7057.0191 6.0496
324 82 2485.2311 6.0577
325 168 6542.5764 6.0742
326 149 5898.8491 6.0888
327 276 14090.3003 6.1161
328 123 4865.1217 6.1282
329 295 14483.9545 6.1571
330 285 13897.435 6.185
331 158 5711.6068 6.2005
332 56 1071.1205 6.206
333 180 7456.5205 6.2239
334 140 6267.9818 6.2377
335 50 819.6238 6.2426
336 55 997.8238 6.248
337 253 14558.3061 6.2732
338 246 13902.3299 6.2976
339 279 13178.8637 6.3253
340 79 2430.5496 6.333
341 63 1610.0331 6.3393
342 75 2453.1894 6.3467
343 263 13104.4782 6.373
344 264 15308.2472 6.3991
345 163 7439.6462 6.4151
346 293 14834.3624 6.444
347 42 348.0047 6.4481
348 392 20572.0722 6.4868
349 109 5740.356 6.4976
350 64 2157.3948 6.5039
351 62 1804.2227 6.5101
352 397 19871.054 6.5492
353 291 16134.8783 6.5774
354 156 7515.4947 6.5926
355 105 5880.6208 6.6028
356 119 5418.9143 6.6144
357 145 7441.4598 6.6286
358 156 5304.4265 6.644
359 567 31658.2476 6.6995
360 128 5252.6028 6.712
361 169 7182.3476 6.7285
362 293 15981.4004 6.7569
363 129 5613.5348 6.7694
364 303 16765.9402 6.7988
365 70 2004.351 6.8056
366 168 8185.8718 6.822
367 169 6468.6894 6.8384
368 164 7331.6099 6.8543
369 52 557.9843 6.8593
370 504 28001.719 6.9087
371 122 5717.3026 6.9207
372 134 5385.408 6.9339
373 398 19655.885 6.9731
374 280 14149.361 7.0006
375 276 13567.8602 7.0276
376 163 6713.9199 7.0437
377 252 14495.5284 7.0686
378 138 6053.8664 7.082
379 860 47814.5749 7.1661
380 115 5739.9884 7.1773
381 265 13818.5894 7.2031
382 288 13470.514 7.2313
383 79 1814.9213 7.239
384 153 7048.172 7.2542
385 70 1742.4381 7.2611
386 491 25419.5284 7.3094
387 67 1324.8288 7.3158
388 73 1805.5585 7.323
389 53 787.7674 7.3282
390 158 7598.3347 7.3437
391 93 2616.9216 7.3528
392 263 13763.0425 7.3784
393 103 3619.0015 7.3885
394 52 670.9416 7.3936
395 461 23535.5707 7.4387
396 58 1185.0151 7.4444
397 180 7204.7195 7.462
398 94 2966.8657 7.4712
399 167 6485.6253 7.4876
400 261 13714.6475 7.5132
401 52 752.0722 7.5183
402 121 5673.0725 7.5303
403 109 4798.411 7.541
404 60 991.2123 7.5468
405 67 1250.2632 7.5534
406 151 6302.1887 7.5681
407 490 24129.5915 7.6158
408 134 6003.5588 7.6288
409 123 3354.0077 7.6407
410 299 14776.3084 7.6697
411 481 25211.9884 7.7163
412 120 4799.0759 7.7279
413 250 13006.3388 7.7519
414 350 17402.0687 7.786
415 155 7524.3256 7.8011
416 166 6437.1066 7.8173
417 594 30463.5762 7.8752
418 451 22367.3381 7.9187
419 321 14753.5043 7.9498
420 557 29026.3179 8.004
421 156 6954.765 8.0191
422 293 14723.1938 8.0474
423 315 13779.5109 8.0776
424 57 1064.0418 8.0832
425 172 6565.4311 8.0998
426 125 3665.0371 8.1119
427 347 19595.1746 8.1454
428 103 5087.4908 8.1555
429 302 14570.3192 8.1846
430 131 4327.3334 8.1973
431 104 3963.199 8.2072
432 101 3493.7035 8.217
433 111 4239.8488 8.2277
434 110 4468.0644 8.2384
435 60 989.7123 8.2443
436 87 2431.7881 8.2529
437 123 4799.0403 8.2649
438 104 4081.4583 8.2751
439 114 4835.3973 8.2862
440 84 2864.221 8.2944
441 93 3427.1009 8.3035
442 57 670.2086 8.3091
443 52 714.7241 8.3142
444 85 3678.9004 8.3225
445 280 14312.2913 8.35
446 55 575.441 8.3555
447 99 3599.2013 8.3652
448 153 5136.0317 8.3802
449 355 17252.3235 8.4149
450 336 17372.77 8.4479
451 52 1265.6792 8.453
452 52 677.625 8.4581
453 76 1875.5893 8.4655
454 53 625.4655 8.4708
455 72 1761.472 8.478
456 95 3383.6814 8.4874
457 88 2257.1095 8.4961
458 90 2987.3869 8.505
459 52 854.4535 8.5102
460 88 3581.6208 8.5189
461 127 4585.2252 8.5314
462 95 3055.1792 8.5407
463 104 2981.8829 8.551
464 57 1536.4927 8.5566
465 100 3217.6303 8.5666
466 108 3952.5209 8.5773
467 58 1648.6294 8.5831
468 122 4552.0288 8.5951
469 97 3395.9872 8.6044
470 272 12707.5832 8.631
471 330 17748.8696 8.6636
472 75 1809.1405 8.6712
473 118 4006.8916 8.6829
474 58 1174.2152 8.6887
475 107 3296.9355 8.6992
476 97 3794.6719 8.7088
477 98 3561.4208 8.7185
478 93 3155.3827 8.7278
479 63 1605.087 8.734
480 95 2905.8855 8.7433
481 57 1155.2572 8.7489
482 90 3417.1361 8.7578
483 60 1319.4307 8.7636
484 132 4222.7438 8.7765
485 63 1440.3038 8.7828
486 102 2934.7372 8.7928
487 318 16513.3979 8.824
488 72 1816.7432 8.8311
489 145 5092.5082 8.8454
490 119 4421.6581 8.8571
491 92 3285.6871 8.8662
492 60 1435.0277 8.8722
493 95 3142.7579 8.8813
494 64 1754.9347 8.8875
495 99 3462.0168 8.8973
496 63 1583.4958 8.9034
497 95 3196.8106 8.9128
498 66 2164.3735 8.9191
499 68 1965.2111 8.9257
500 111 3334.6742 8.9365
501 70 1766.4728 8.9432
502 81 2574.837 8.9513
503 83 2119.1541 8.9594
504 98 2378.4615 8.969
505 58 1226.4843 8.9748
506 75 2223.9839 8.9822
507 99 3107.2619 8.9918
508 94 3135.5472 9.0012
509 106 3200.729 9.0117
510 80 2113.8334 9.0195
511 58 929.3756 9.0251
512 357 17150.5778 9.0595
513 113 4192.6067 9.0705
514 74 2175.0869 9.0776
515 77 2251.1613 9.085
516 150 4715.8336 9.0995
517 64 1772.9655 9.1056
518 268 11583.6843 9.1318
519 325 16660.4011 9.1633
520 68 1991.5862 9.1698
521 80 1915.2209 9.1776
522 117 3394.386 9.1891
523 93 3091.3386 9.1982
524 69 1849.4148 9.205
525 81 2400.562 9.2128
526 56 1445.3394 9.2183
527 74 1986.5246 9.2255
528 335 16897.0445 9.2584
529 92 3150.5736 9.2674
530 69 1698.7714 9.2742
531 86 2762.3124 9.2827
532 122 4071.8998 9.2949
533 121 4175.6496 9.3072
534 64 1701.7384 9.3136
535 55 1316.0253 9.3189
536 76 1959.1562 9.3264
537 84 3200.4193 9.3348
538 59 1451.5755 9.3406
539 91 2966.8236 9.3496
540 67 1988.5675 9.3562
541 101 3253.8736 9.3661
542 119 3908.5121 9.3781
543 323 15755.1779 9.4095
544 71 2254.7954 9.4164
545 91 2896.9532 9.4251
546 69 1658.795 9.4318
547 60 1490.5187 9.4376
548 104 3232.2932 9.4479
549 325 17031.9064 9.48
550 100 2896.8107 9.4897
551 135 4752.6767 9.5029
552 107 4136.3349 9.5135
553 121 3714.708 9.5255
554 295 15408.8175 9.554
555 100 2668.6836 9.5637
556 68 2077.2912 9.5704
557 59 1708.7178 9.5762
558 68 1842.3301 9.5828
559 90 3075.9949 9.5916
560 83 2784.5541 9.5997
561 57 1340.5769 9.6053
562 89 3321.0427 9.6141
563 105 3735.581 9.6244
564 80 1958.5826 9.6323
565 90 2481.4689 9.6411
566 119 3696.6568 9.6528
567 63 1307.78 9.659
568 88 2590.0012 9.6678
569 76 2238.2472 9.6753
570 104 3245.6868 9.6856
571 99 2958.7356 9.6953
572 96 3397.5384 9.7047
573 97 3291.7196 9.7142
574 93 2062.1762 9.7235
575 64 1732.9422 9.73
576 53 1105.5775 9.7353
577 120 3363.522 9.7471
578 76 2244.8924 9.7547
579 89 2859.2692 9.7636
580 55 967.5975 9.769
581 111 2520.0637 9.78
582 64 1818.3762 9.7865
583 91 2710.2661 9.7955
584 65 1720.8159 9.802
585 63 1356.451 9.8082
586 76 1761.0095 9.8157
587 86 2693.8228 9.8241
588 54 723.8707 9.8295
589 68 1930.6156 9.8363
590 72 1176.9566 9.8433
591 88 2510.9112 9.8521
592 63 1293.1614 9.8583
593 96 2207.6155 9.8676
594 65 1713.9723 9.874
595 75 1207.0991 9.8813
596 95 2381.5568 9.8908
597 94 2522.4446 9.9002
598 117 3759.1665 9.9117
599 93 1884.2652 9.921
600 73 1629.5399 9.9281
601 109 3424.6457 9.9387
602 68 1433.7921 9.9452
603 91 2877.7264 9.9538
604 113 3544.4977 9.9648
605 75 2121.2025 9.9721
606 90 2486.8231 9.981
607 90 2837.0345 9.9896
608 97 2803.6912 9.9989
609 52 1139.9689 10.0039
610 82 3073.9632 10.0119
611 97 3312.9991 10.0213
612 60 1463.536 10.0271
613 94 2915.882 10.0362
614 141 4250.7698 10.0499
615 93 2441.3629 10.0589
616 52 879.3122 10.064
617 92 2601.8662 10.0729
618 64 1364.1333 10.079
619 75 2146.2548 10.0863
620 97 3242.6416 10.0955
621 63 1518.1352 10.1014
622 83 2295.8003 10.1094
623 103 2713.5183 10.1194
624 100 2634.1242 10.1291
625 83 2268.8739 10.1372
626 105 3262.0401 10.1474
627 64 1689.3922 10.1537
628 79 2092.877 10.1613
629 88 2462.6734 10.1699
630 98 2452.1656 10.1794
631 79 1546.0551 10.1871
632 52 889.8897 10.1922
633 95 2345.1911 10.2014
634 316 14799.791 10.2315
635 56 843.3087 10.2368
636 65 1524.2268 10.2432
637 56 1142.3719 10.2485
638 92 2954.9877 10.2575
639 55 1167.1351 10.2627
640 320 14631.5441 10.2937
641 133 3593.6188 10.3065
642 96 3156.7948 10.3156
643 69 1748.6102 10.322
644 59 1150.5822 10.3277
645 83 2930.0433 10.3355
646 69 1524.4015 10.342
647 102 3046.3292 10.3518
648 88 2729.8121 10.36
649 85 2551.3832 10.368
650 104 3093.9838 10.378
651 108 3517.2951 10.3885
652 54 852.7336 10.3936
653 56 938.9431 10.3992
654 89 2246.915 10.4078
655 91 2277.0123 10.4165
656 88 2981.33 10.425
657 53 998.2308 10.4301
658 87 2803.2711 10.4384
659 83 2362.7165 10.4466
660 81 2213.9876 10.4543
661 104 3246.3055 10.4642
662 84 2608.2145 10.4722
663 94 2731.9121 10.4812
664 108 3211.8765 10.4914
665 76 2105.8951 10.4987
666 92 2517.6969 10.5074
667 54 989.1705 10.5126
668 56 866.3028 10.5179
669 123 3847.5929 10.5295
670 97 2635.3276 10.5388
671 59 1281.4802 10.5443
672 75 1626.3016 10.5516
673 313 14072.2847 10.5816
674 110 3272.1659 10.592
675 95 3018.638 10.601
676 63 1220.9357 10.607
677 296 13657.2262 10.6346
678 84 2611.3901 10.6424
679 81 2087.8023 10.65
680 61 1037.6722 10.6557
681 100 3208.8388 10.6653
682 97 3463.2264 10.6746
683 87 2770.1725 10.6828
684 114 3642.5359 10.6937
685 91 3048.2529 10.7024
686 87 2096.489 10.7107
687 358 16820.0074 10.7448
688 97 3308.7849 10.7539
689 114 3970.9407 10.7647
690 97 3119.6499 10.774
691 122 4107.0119 10.7855
692 103 2968.0256 10.7953
693 92 2799.6382 10.8042
694 302 14363.9262 10.8336
695 123 4289.3224 10.8456
696 110 3186.2251 10.8561
697 327 13612.1889 10.8866
698 114 3695.853 10.8973
699 100 2839.3011 10.9068
700 102 3227.8782 10.9163
701 337 15199.0277 10.9489
702 95 3097.5689 10.9581
703 75 1845.7001 10.9655
704 99 2428.4333 10.9753
705 70 1555.0117 10.9821
706 124 3329.3214 10.9943
707 60 1151.598 11.0001
708 58 846.7777 11.0056
709 71 1404.4 11.0125
710 62 1460.6835 11.0184
711 87 2873.1336 11.0266
712 69 1327.7009 11.0332
713 91 2619.0366 11.0419
714 99 3169.1624 11.0512
715 63 1280.2168 11.0574
716 313 14803.1538 11.0872
717 309 14203.6192 11.1167
718 70 1390.0856 11.1234
719 324 14947.782 11.1539
720 337 13723.9209 11.1856
721 351 16105.4793 11.2184
722 101 2953.513 11.228
723 86 2870.7366 11.2361
724 298 13933.1362 11.2639
725 95 3225.5378 11.2728
726 91 3169.359 11.2811
727 113 3891.1315 11.2913
728 382 16719.6074 11.3261
729 335 14837.9743 11.3566
730 322 15047.1968 11.3868
731 332 16027.172 11.4179
732 94 3164.0688 11.4265
733 403 19247.4564 11.4648
734 1000 51196.2599 11.5578
735 144 6324.4756 11.5709
736 102 3635.0441 11.5803
737 1000 50283.0089 11.6693
738 233 10001.1926 11.6896
739 1000 50195.1847 11.7766
740 1000 52181.8603 11.8654
741 386 18978.8084 11.8985
742 1000 54492.5243 11.9819
743 1000 51883.883 12.0672
744 1000 54043.7642 12.1474
745 1000 55818.1716 12.2236
746 868 46995.0312 12.2872
747 1000 57514.0884 12.363
748 363 19227.9367 12.3884
749 478 25362.8219 12.424
750 1000 57905.6097 12.4974
751 1000 56744.4266 12.5649
752 1000 57117.8574 12.6202
753 1000 56082.1107 12.6738
754 977 54446.852 12.7298
755 490 26378.429 12.7536
756 1000 56659.5674 12.7878
757 173 6742.83 12.7932
758 1000 56488.1131 12.827
759 1000 57013.5246 12.8474
760 933 51852.6903 12.8674
761 1000 56287.7157 12.8835
762 1000 57197.4728 12.8922
763 291 14136.6509 12.8939
764 1000 57017.3801 12.8988
765 618 35434.5395 12.898
766 624 36286.8101 12.8915
767 922 54144.3817 12.8994
768 1000 59362.0576 12.9009
769 1000 59798.8773 12.8977
770 1000 56903.6312 12.8878
771 1000 57724.6208 12.8709
772 508 28677.023 12.8624
773 1000 60103.1159 12.8507
774 1000 58803.4767 12.8382
775 1000 60578.1223 12.8171
776 1000 61150.2576 12.8049
777 382 21449.9482 12.7976
778 1000 60922.4509 12.775
779 1000 60476.5263 12.7512
780 1000 59751.1503 12.7408
781 1000 60198.8537 12.7368
782 1000 60890.1264 12.7367
783 1000 62010.9361 12.7236
784 1000 61540.8563 12.7185
785 1000 61147.3313 12.7068
786 1000 60972.9983 12.6899
787 1000 60164.3071 12.6654
788 1000 61753.3529 12.6593
789 1000 61352.1113 12.6596
790 1000 61076.5226 12.6616
791 1000 60883.7135 12.6501
792 1000 59554.5679 12.6472
793 1000 61227.7163 12.6449
794 1000 60765.0974 12.6448
795 1000 60977.1816 12.6508
796 1000 60921.7136 12.6538
797 1000 60059.6033 12.6587
798 159 6671.4497 12.6604
799 1000 62426.1202 12.6583
800 1000 60335.0216 12.6621
801 1000 60934.1668 12.6664
802 1000 61674.7619 12.6751
803 1000 60955.5881 12.6732
804 1000 60913.3412 12.6832
805 1000 62166.489 12.6931
806 1000 61944.8575 12.6763
807 1000 60217.028 12.6658
808 1000 60614.2427 12.6688
809 1000 60808.9515 12.66
810 1000 61650.4357 12.65
811 1000 61727.5009 12.6557
812 1000 60431.5374 12.667
813 1000 61870.0691 12.6871
814 1000 62172.605 12.7115
815 689 37152.711 12.725
816 1000 62095.7026 12.7369
817 1000 61378.297 12.7469
818 1000 60564.8173 12.7538
819 641 37927.7644 12.7543
820 1000 60641.6496 12.7562
821 147 6627.949 12.7558
822 1000 62013.5367 12.7481
823 630 37491.8936 12.7498
824 1000 61159.0244 12.7583
825 1000 60811.6271 12.776
826 1000 59272.7531 12.7843
827 1000 61532.0104 12.7996
828 462 25451.3149 12.8084
829 1000 61912.2008 12.8212
830 1000 60847.8271 12.8232
831 1000 61355.6837 12.8273
832 1000 62047.11 12.8452
833 1000 61439.8777 12.8517
834 1000 60448.2551 12.8646
835 438 24879.5035 12.8668
836 1000 61036.8401 12.8777
837 1000 61845.0545 12.8883
838 1000 61568.6563 12.8969
839 1000 60135.3575 12.9153
840 1000 60822.9063 12.9499
841 1000 60703.7857 12.9939
842 989 61554.7721 13.0287
843 1000 61980.3805 13.051
844 1000 58951.2102 13.0594
845 1000 60934.4863 13.0867
846 1000 61837.6963 13.1096
847 1000 61060.056 13.1248
848 1000 60875.0225 13.1313
849 1000 60665.1277 13.1304
850 1000 60725.4384 13.1254
851 1000 60795.1489 13.1324
852 1000 60833.1555 13.151
853 1000 61829.6145 13.1644
854 1000 61175.6448 13.1763
855 1000 61979.1483 13.1812
856 1000 61372.0457 13.1841
857 1000 62081.9002 13.1885
858 297 15696.4961 13.1939
859 1000 59605.7075 13.215
860 1000 61202.3496 13.242
861 1000 61414.2978 13.2608
862 1000 61738.5903 13.2765
863 276 15351.3531 13.2812
864 1000 58014.2167 13.3045
865 1000 60824.4227 13.3295
866 1000 61778.0582 13.3482
867 1000 61238.1854 13.3611
868 774 46525.37 13.3787
869 1000 62170.8968 13.3728
870 1000 59053.245 13.3766
871 1000 61869.6587 13.3805
872 1000 59880.9549 13.3898
873 1000 59161.2113 13.3988
874 1000 59835.8874 13.413
875 55 237.0351 13.4138
876 1000 61037.0026 13.4088
877 1000 59495.3098 13.4027
878 1000 60842.8932 13.4079
879 1000 60234.4454 13.4131
880 1000 60948.8462 13.422
881 1000 59857.8923 13.4242
882 52 179.6302 13.4244
883 1000 54448.0235 13.4261
884 52 197.934 13.4259
885 52 142.5952 13.425
886 1000 58436.3616 13.4135
887 52 139.9793 13.4129
888 797 46591.5412 13.4097
889 1000 61467.4765 13.399
890 1000 59623.6121 13.3987
891 1000 61277.3902 13.4041
892 1000 61216.486 13.4117
893 52 185.3471 13.4117
894 53 162.1082 13.4128
895 67 256.2411 13.4139
896 1000 60529.6315 13.4034
897 60 318.1327 13.4026
898 52 174.3424 13.401
899 59 249.5038 13.4013
900 1000 60949.2466 13.3913
901 52 198.802 13.3918
902 1000 59572.8757 13.3756
903 68 240.5917 13.3755
904 52 145.0898 13.3746
905 58 248.4831 13.3742
906 67 268.4553 13.3732
907 62 279.5331 13.3726
908 57 203.0303 13.3724
909 54 144.3151 13.371
910 61 220.7454 13.3689
911 58 202.3408 13.368
912 1000 60323.9386 13.351
913 53 160.2657 13.3491
914 60 289.9387 13.3472
915 1000 57285.0594 13.3203
916 52 180.8619 13.3199
917 68 428.8848 13.3188
918 64 256.748 13.3176
919 52 158.1574 13.3161
920 1000 58034.6033 13.3103
921 52 169.1533 13.3111
922 55 212.746 13.3111
923 52 185.1494 13.3113
924 52 144.9171 13.3098
925 1000 59627.0288 13.3041
926 130 773.2283 13.3028
927 54 200.0861 13.3026
928 949 56279.1862 13.2816
929 52 172.5278 13.281
930 71 342.9616 13.2816
931 52 151.1194 13.2815
932 1000 60862.2736 13.2686
933 1000 58681.7977 13.247
934 1000 60130.1315 13.2381
935 1000 59971.8105 13.2293
936 1000 61035.8734 13.2339
937 1000 60181.0042 13.2452
938 1000 58352.0247 13.2499
939 65 236.8582 13.2502
940 1000 60047.4566 13.2585
941 1000 58786.8713 13.2665
942 1000 60077.229 13.2766
943 1000 58824.6878 13.2857
944 1000 59669.9567 13.2937
945 1000 59338.7766 13.3032
946 1000 61770.2316 13.3148
947 52 168.5466 13.3157
948 75 352.7439 13.3181
949 1000 59703.0985 13.334
950 1000 58958.2451 13.3351
951 1000 58812.1705 13.3374
952 1000 60985.9281 13.3385
953 54 205.5631 13.3386
954 1000 58978.034 13.3349
955 91 505.0424 13.3351
956 1000 57010.8164 13.3372
957 1000 60033.2737 13.3291
958 52 133.5159 13.3286
959 86 399.506 13.3273
960 98 441.2472 13.3261
961 1000 58780.8378 13.3118
962 107 611.5696 13.3086
963 58 217.2225 13.3068
964 74 379.1355 13.3064
965 1000 59102.3968 13.2855
966 128 935.2805 13.2823
967 53 129.0718 13.2812
968 1000 60025.7915 13.2619
969 1000 59197.1118 13.249
970 73 357.0341 13.2487
971 1000 59623.2364 13.2417
972 65 252.6197 13.2405
973 1000 59283.3548 13.2207
974 52 141.5147 13.2202
975 1000 58029.3103 13.2008
976 1000 60531.613 13.1947
977 1000 59128.1796 13.1915
978 1000 58461.893 13.185
979 1000 57610.5858 13.1675
980 174 6515.9636 13.1619
981 59 162.0014 13.1604
982 73 321.6128 13.158
983 62 225.5205 13.1576
984 56 227.205 13.1574
985 75 288.6263 13.1551
986 298 15511.7279 13.1492
987 1000 57232.8999 13.1351
988 66 259.3196 13.1335
989 1000 59373.9361 13.1206
990 1000 60135.1291 13.1066
991 1000 59088.6179 13.0928
992 1000 58432.7933 13.0717
993 1000 60031.8235 13.0394
994 65 241.1709 13.0394
995 52 158.1076 13.0395
996 1000 59847.588 13.0241
997 185 6489.8471 13.0196
998 1000 58939.5916 12.9923
999 52 145.7301 12.991
1000 1000 58244.0107 12.9607
1001 59 205.5818 12.9597
1002 56 163.4218 12.958
1003 1000 58163.4264 12.9405
1004 1000 58212.0534 12.9273
1005 78 338.1826 12.9265
1006 78 302.239 12.9242
1007 90 452.0108 12.9224
1008 68 259.1402 12.9201
1009 52 140.8945 12.9194
1010 64 296.8005 12.9191
1011 58 200.7923 12.9181
1012 52 143.5589 12.917
1013 52 132.211 12.9164
1014 54 169.8175 12.9167
1015 87 385.3496 12.9154
1016 79 333.1936 12.9137
1017 52 127.4802 12.9121
1018 52 143.253 12.9094
1019 62 177.087 12.9076
1020 76 314.0567 12.906
1021 151 978.2666 12.9005
1022 52 157.0396 12.8992
1023 108 574.6412 12.8974
1024 1000 56858.1655 12.8673
1025 52 130.821 12.8653
1026 98 465.8959 12.8614
1027 55 169.6338 12.8595
1028 60 183.3854 12.858
1029 129 810.8312 12.854
1030 866 46841.1061 12.8336
1031 52 129.2013 12.8329
1032 1000 57140.1017 12.8101
1033 53 180.5883 12.81
1034 62 212.4551 12.8091
1035 106 623.2175 12.8051
1036 1000 59936.3205 12.7904
1037 1000 59020.9132 12.7776
1038 1000 58545.3373 12.762
1039 1000 58651.2881 12.7453
1040 52 130.8984 12.7434
1041 54 152.5933 12.7436
1042 58 176.1237 12.7437
1043 52 119.646 12.7439
1044 1000 59895.4488 12.7262
1045 55 159.7587 12.726
1046 1000 57422.8998 12.716
1047 52 139.3976 12.7167
1048 55 175.6437 12.7157
1049 54 165.1752 12.7153
1050 1000 60245.0265 12.6937
1051 54 163.0685 12.6938
1052 58 191.0874 12.6924
1053 52 135.9326 12.6906
1054 57 176.976 12.69
1055 63 203.5069 12.6888
1056 52 144.8286 12.6867
1057 52 152.105 12.6847
1058 1000 59041.9416 12.6557
1059 52 144.3724 12.6547
1060 108 606.8072 12.6536
1061 52 124.2724 12.6527
1062 52 141.4746 12.6519
1063 52 141.9913 12.6514
1064 52 125.0902 12.6514
1065 52 125.0422 12.6497
1066 55 154.9536 12.6482
1067 154 930.1235 12.645
1068 69 256.6592 12.6428
1069 52 142.0857 12.6403
1070 52 124.1945 12.6381
1071 52 150.2914 12.6373
1072 81 337.1601 12.6349
1073 1000 56738.6514 12.6072
1074 52 134.6594 12.6077
1075 66 237.7707 12.6062
1076 56 162.1465 12.6058
1077 52 147.3049 12.6048
1078 69 265.8553 12.6031
1079 52 151.5216 12.6022
1080 55 157.7187 12.6018
1081 63 210.2393 12.6011
1082 52 144.1067 12.6015
1083 87 345.1351 12.601
1084 57 166.9067 12.6
1085 89 413.8433 12.5994
1086 61 210.9956 12.5986
1087 58 202.9392 12.5972
1088 1000 58771.7 12.5892
1089 54 142.5264 12.5887
1090 54 142.0436 12.5886
1091 52 154.9593 12.5874
1092 71 232.2758 12.5879
1093 69 248.929 12.5883
1094 52 138.4263 12.5883
1095 58 188.691 12.5877
1096 52 150.4884 12.5868
1097 1000 58038.2263 12.5727
1098 59 160.122 12.5706
1099 52 110.5509 12.5698
1100 55 162.9031 12.5684
1101 54 159.8846 12.5663
1102 52 116.4681 12.5652
1103 52 148.5198 12.5636
1104 60 150.1349 12.5626
1105 56 164.9411 12.5613
1106 1000 56768.7695 12.532
1107 55 140.1625 12.5288
1108 52 136.4424 12.5267
1109 52 123.1354 12.5255
1110 52 137.912 12.5248
1111 57 169.3313 12.5237
1112 52 145.8558 12.5229
1113 54 129.728 12.5211
1114 52 128.0648 12.5201
1115 52 133.6311 12.5183
1116 54 159.9295 12.5154
1117 57 159.9621 12.5135
1118 69 221.2334 12.5114
1119 52 126.3168 12.5096
1120 55 206.4396 12.5066
1121 71 247.3001 12.5032
1122 52 136.0746 12.5012
1123 78 303.4586 12.4981
1124 52 172.0841 12.4957
1125 233 7856.6399 12.4871
1126 67 208.8135 12.4848
1127 59 147.4128 12.482
1128 52 134.6612 12.4807
1129 52 128.8128 12.4795
1130 52 134.8056 12.4779
1131 52 122.667 12.4762
1132 52 124.991 12.4741
1133 52 120.3826 12.4721
1134 52 129.8088 12.4699
1135 52 137.6708 12.4677
1136 52 121.9891 12.4658
1137 52 113.7569 12.4622
1138 52 146.1986 12.4598
1139 1000 56019.9345 12.4206
1140 52 140.9376 12.419
1141 1000 58792.9958 12.3857
1142 52 132.6042 12.3834
1143 60 170.8501 12.3812
1144 61 173.9003 12.3799
1145 52 167.6476 12.3787
1146 52 158.1625 12.376
1147 149 837.3834 12.3676
1148 78 308.2295 12.365
1149 1000 59371.7138 12.3326
1150 52 126.9516 12.3315
1151 52 124.6705 12.3299
1152 52 164.9376 12.3279
1153 52 123.7062 12.3257
1154 69 250.9547 12.3229
1155 54 152.2412 12.3202
1156 52 123.4586 12.3178
1157 60 179.913 12.3155
1158 52 130.8642 12.3137
1159 70 254.6318 12.312
1160 88 340.2649 12.3095
1161 1000 58013.6371 12.2747
1162 52 125.8981 12.2732
1163 55 137.7051 12.2711
1164 52 119.2671 12.2696
1165 52 126.3257 12.2683
1166 60 185.3827 12.267
1167 52 142.5405 12.2665
1168 52 171.5737 12.265
1169 52 146.6348 12.2635
1170 52 126.5968 12.2622
1171 67 206.209 12.2597
1172 113 545.5007 12.2553
1173 52 135.6986 12.2532
1174 52 123.8751 12.2515
1175 52 123.2056 12.2505
1176 60 173.3153 12.2491
1177 52 112.6314 12.248
1178 57 162.4922 12.2462
1179 52 116.285 12.2437
1180 52 112.5476 12.2404
1181 52 117.9566 12.2376
1182 52 121.3356 12.2352
1183 52 113.2594 12.2328
1184 73 247.9654 12.2294
1185 52 127.1883 12.2266
1186 53 146.0618 12.2251
1187 52 129.6442 12.2238
1188 52 122.5867 12.2225
1189 52 110.2862 12.2209
1190 52 116.5322 12.2187
1191 52 105.5821 12.2164
1192 53 135.4193 12.2146
1193 1000 57177.018 12.1801
1194 52 129.7226 12.179
1195 61 176.8711 12.1777
1196 1000 57959.5793 12.1578
1197 52 137.7735 12.1569
1198 52 105.4191 12.1557
1199 70 253.7982 12.1543
1200 53 129.597 12.1515
1201 53 114.8699 12.1495
1202 56 167.5106 12.1476
1203 52 120.1646 12.1466
1204 52 128.1991 12.1449
1205 52 137.7936 12.1437
1206 52 122.0823 12.1413
1207 52 146.8019 12.1391
1208 52 129.6838 12.1372
1209 52 122.3831 12.1351
1210 52 107.4286 12.1331
1211 58 178.1937 12.1313
1212 58 182.1655 12.1289
1213 52 128.1526 12.1255
1214 53 123.7498 12.1225
1215 52 125.9727 12.1197
1216 59 181.2788 12.1173
1217 52 122.7075 12.1159
1218 53 137.2946 12.1134
1219 68 213.2767 12.1118
1220 52 132.049 12.11
1221 52 119.8671 12.109
1222 52 117.7616 12.1066
1223 52 110.1568 12.1051
1224 52 126.0333 12.1037
1225 60 161.1764 12.1033
1226 54 146.0841 12.1019
1227 52 141.0127 12.102
1228 157 1038.0369 12.0995
1229 60 193.6919 12.0977
1230 52 133.4882 12.0968
1231 52 146.658 12.0969
1232 52 117.6318 12.097
1233 59 176.2281 12.0961
1234 56 156.434 12.0953
1235 52 119.0175 12.0953
1236 60 183.3382 12.0952
1237 52 126.1704 12.0956
1238 53 154.6571 12.0968
